000000000000000000000000000000000000000
000000000000000000000000000000000000000
000000000000000000000000000011100000000
000000000000000000000000000000000000110
000000000000000000001110000000000000000
000000000000000000011111000000000000000
000000000000000000011111100000000000000
000000000000001111111111111111000000000
000000000000000111111111111000000000000
000000000000000011111111110000000000000
000000000000000011111111111000000000000
011000000000000111100001111100000000000
000000000000001111000001111110000000000
000000000000001111000001101110000000000
011100000000011100000000000000000000000
000000111000000000000000000000000000000
000000000000000000000000000000000000000
000000000000011100000000000000000000000
000000000000000000000000000000000000000
000000000000001110000000000000000000000
000000000000000000000000000000000000000
000000000000111000000000000000000000000
000000000000000000000000000000000000000
000000000000000000000000000000000000000
000000000000000000000000000000000000000
000000000000000000000000000000000000000
000000000000000000000000000000000000000
000000000000000000000000000000000000000
000000000000000000000000000000000000000
000000000000000000000000000000000000000
